4294967278,132
4294967278,131
4294967278,130
4294967278,129
4294967278,128
4294967278,127
4294967278,126
4294967278,125
4294967278,124
4294967278,123
4294967278,122
4294967278,121
4294967278,120
4294967278,119
4294967278,118
4294967278,117
4294967278,116
4294967278,115
4294967278,114
4294967278,113
4294967278,112
4294967278,111
4294967278,110
4294967278,109
4294967278,108
4294967278,107
4294967278,106
4294967278,105
4294967278,104
4294967278,103
4294967278,102
4294967278,101
4294967278,100
4294967278,99
4294967278,98
4294967278,97
4294967278,96
4294967278,95
4294967278,94
4294967278,93
4294967278,92
4294967278,91
4294967278,90
4294967278,89
4294967278,87
4294967278,86
4294967278,85
4294967278,84
4294967278,83
4294967278,82
4294967278,81
4294967278,80
4294967278,79
4294967278,78
4294967278,77
4294967278,76
4294967278,75
4294967278,74
4294967278,73
4294967278,72
4294967278,71
4294967278,70
4294967278,69
4294967278,68
4294967278,67
4294967278,66
4294967278,65
4294967278,64
4294967278,63
4294967278,62
4294967278,61
4294967278,60
4294967278,59
4294967278,55
4294967278,53
4294967278,52
4294967278,51
4294967278,50
4294967278,45
4294967278,43
4294967278,42
4294967278,41
4294967278,40
4294967278,285
4294967279,24
4294967279,23
4294967279,22
4294967279,19
4294967279,15
4294967279,13
4294967279,286
4294967279,10
4294967279,9
4294967279,285
4294967279,8
4294967279,7
4294967279,261
4294967279,6
4294967279,275
4294967279,5
4294967279,281
4294967279,4
4294967294,18
4294967294,14
4294967294,106
4294967294,166
4294967294,24
4294967294,168
4294967294,7
4294967278,171
4294967294,30
4294967294,61
4294967294,426
4294967294,68
4294967294,12
4294967294,11
4294967294,1419
4294967294,429
4294967278,302
4294967278,58
4294967279,299
4294967278,301
4294967278,57
4294967279,298
4294967278,300
4294967278,56
4294967278,167
4294967294,187
4294967294,1421
4294967294,1420
4294967294,954
4294967279,297
4294967278,166
4294967278,299
4294967278,54
4294967278,165
4294967278,164
4294967278,161
4294967278,163
8,5
8,4
4294967278,162
8,3
8,2
8,1
4294967278,298
4294967278,49
4294967278,297
4294967278,48
4294967294,81
4294967294,392
4294967294,46
4294967294,389
4294967294,114
4294967279,296
4294967278,296
4294967278,47
4294967279,295
4294967279,260
4294967279,0
4294967278,295
4294967278,46
4294967278,157
4294967294,36
4294967294,39
4294967278,156
4294967278,294
4294967278,44
4294967278,155
4294967278,154
4294967278,151
4294967278,153
7,5
7,4
4294967278,152
7,3
7,2
7,1
4294967278,293
4294967278,39
0,7
4294967294,22
4294967294,17
4294967294,41
4294967278,292
4294967278,38
4294967294,909
4294967294,186
4294967294,95
4294967294,96
4294967294,93
4294967294,94
4294967294,67
4294967294,2
4294967294,0
4294967294,1
4294967294,91
4294967294,87
4294967294,84
4294967294,83
4294967294,923
4294967294,414
4294967294,28
4294967294,924
4294967294,27
4294967294,471
4294967294,25
4294967294,26
4294967294,418
4294967294,52
4294967294,393
4294967294,45
4294967294,425
4294967278,291
4294967279,294
4294967278,290
4294967278,0
4294967294,6
0,5
4294967294,9
4294967294,8
6,7
6,6
6,3
6,2
6,1
4294967279,293
4294967294,1418
4294967279,292
4294967278,289
4294967278,288
4294967279,291
4294967278,287
4294967279,290
4294967279,283
4294967279,282
3,4
4294967294,416
2,4
2,3
2,2
2,1
4294967294,472
4294967278,277
4294967293,131
4294967293,130
4294967293,129
4294967293,128
4294967293,127
4294967293,126
4294967293,125
4294967293,124
4294967293,123
4294967293,122
4294967293,121
4294967293,120
4294967293,119
4294967293,118
4294967293,117
4294967293,116
4294967293,115
4294967293,114
4294967293,113
4294967293,112
4294967293,111
4294967293,110
4294967293,109
4294967293,108
